0 480 195 251 489 
1 471 214 251 453 
2 461 224 243 435 
3 459 225 241 439 
4 459 225 241 439 
5 450 218 250 450 
6 450 218 250 450 
7 422 228 301 447 
8 411 229 314 446 
9 402 253 323 415 
10 401 267 324 397 
11 401 267 324 397 
12 401 267 324 397 
13 392 261 330 400 
14 381 262 338 398 
15 386 262 333 386 
16 382 277 328 369 
17 374 273 324 376 
18 374 273 324 376 
19 374 273 324 376 
20 376 272 307 370 
21 372 272 305 371 
22 377 277 289 358 
23 377 277 289 358 
24 377 284 284 343 
25 374 286 280 344 
26 374 286 280 344 
27 374 286 280 344 
28 358 275 239 398 
29 355 272 247 404 
30 355 271 241 404 
31 355 271 241 404 
32 355 271 229 405 
33 358 251 212 378 
34 358 251 212 378 
35 358 251 212 378 
36 361 255 205 370 
37 365 252 194 373 
38 358 250 205 376 
39 358 250 205 376 
40 355 256 208 359 
41 353 253 206 364 
42 353 253 206 364 
43 353 253 206 364 
44 346 242 216 383 
45 333 236 235 383 
46 333 236 235 383 
47 338 235 232 383 
48 336 222 235 407 
49 336 222 235 407 
50 336 222 235 407 
51 339 218 235 413 
52 342 216 228 420 
53 348 212 213 433 
54 348 212 213 433 
55 351 204 208 442 
56 354 191 205 457 
57 354 191 205 457 
58 354 191 205 457 
59 358 180 212 432 
60 363 170 210 448 
61 362 173 207 442 
62 362 173 207 442 
63 366 161 209 456 
64 366 152 219 456 
65 366 152 219 456 
66 366 152 219 456 
67 372 149 259 452 
68 375 139 265 465 
69 383 141 277 457 
70 380 160 311 424 
71 380 160 311 424 
72 392 161 319 414 
73 392 161 319 414 
74 405 160 312 410 
75 411 155 312 419 
76 411 155 312 419 
77 423 143 307 429 
78 422 141 314 432 
79 464 123 269 442 
80 464 123 269 442 
81 464 123 269 442 
82 463 116 268 457 
83 465 124 263 447 
84 465 124 263 447 
85 472 116 255 456 
86 478 113 249 461 
87 478 113 249 461 
88 478 113 249 461 
89 483 113 244 466 
90 487 114 236 462 
91 496 115 228 458 
92 492 109 236 467 
93 492 109 236 467 
94 498 99 226 477 
95 498 99 226 477 
96 497 104 228 469 
97 497 104 228 469 
98 497 101 226 472 
99 494 102 230 479 
100 494 102 230 479 
101 490 101 234 479 
102 490 106 235 474 
103 490 106 235 474 
104 490 106 235 474 
105 494 100 232 487 
106 500 100 224 485 
107 503 97 224 496 
108 505 93 220 504 
109 505 93 220 504 
110 505 91 224 513 
111 505 91 224 513 
112 506 95 221 510 
113 506 95 221 510 
114 511 97 215 513 
115 513 94 212 519 
116 513 99 213 508 
117 513 99 213 508 
118 516 99 205 508 
119 516 99 205 508 
120 516 99 205 508 
121 516 111 201 516 
122 515 120 203 509 
123 515 120 203 509 
124 516 130 201 494 
125 519 133 201 498 
126 519 133 201 498 
127 519 133 201 498 
128 520 127 200 509 
129 519 126 206 519 
130 522 131 205 506 
131 522 131 205 506 
132 519 124 213 517 
133 519 119 217 529 
134 519 119 217 529 
135 519 119 217 529 
136 520 112 221 541 
137 515 117 231 532 
138 490 110 300 537 
139 490 110 300 537 
140 493 118 326 517 
141 503 119 319 516 
142 503 119 319 516 
143 503 119 319 516 
144 512 122 317 517 
145 523 125 308 523 
146 524 130 312 526 
147 552 129 295 530 
148 559 130 287 536 
149 559 130 287 536 
150 559 130 287 536 
151 572 129 274 540 
152 572 129 274 540 
153 583 144 245 512 
154 591 148 235 508 
155 585 140 259 552 
156 585 140 259 552 
157 585 140 259 552 
158 586 136 256 559 
159 601 126 233 551 
160 605 139 232 525 
161 605 139 232 525 
162 608 144 237 541 
163 610 136 240 559 
164 610 136 240 559 
165 610 136 240 559 
166 610 136 240 559 
167 612 138 239 569 
168 611 151 245 549 
169 627 169 233 517 
170 625 174 237 507 
171 633 174 222 513 
172 633 174 222 513 
173 633 174 222 513 
174 631 181 223 508 
175 631 191 225 496 
176 631 191 225 496 
177 630 194 227 494 
178 627 204 230 484 
179 628 201 229 494 
180 628 201 229 494 
181 628 201 229 494 
182 632 207 222 484 
183 628 202 228 491 
184 628 202 228 491 
185 627 207 231 484 
186 614 225 239 450 
187 614 227 239 445 
188 614 227 239 445 
189 614 227 239 445 
190 634 235 226 458 
191 623 237 244 424 
192 600 190 287 539 
193 607 192 286 536 
194 607 192 286 536 
195 607 192 286 536 
196 613 197 293 530 
197 622 194 293 531 
198 628 194 291 528 
199 628 194 291 528 
200 651 197 292 528 
201 654 201 292 525 
202 654 201 292 525 
203 654 201 292 525 
204 660 202 291 525 
205 667 202 294 526 
206 696 244 239 453 
207 703 232 241 476 
208 703 232 241 476 
209 716 226 254 485 
210 716 226 254 485 
211 721 231 256 471 
212 721 231 256 471 
213 717 176 296 553 
214 730 174 285 557 
215 765 202 259 526 
216 788 208 233 483 
217 788 208 233 483 
218 788 208 233 483 
219 803 213 239 471 
220 809 210 236 474 
221 809 210 236 474 
222 828 206 233 484 
223 849 197 217 503 
224 849 197 217 503 
225 861 205 225 487 
226 861 205 225 487 
227 861 205 225 487 
228 872 206 234 486 
229 872 206 234 486 
230 884 210 225 477 
231 898 214 218 470 
232 906 218 215 462 
233 906 218 215 462 
234 906 218 215 462 
235 913 210 229 512 
236 913 210 229 512 
237 920 213 242 509 
238 927 211 234 472 
239 929 207 236 475 
240 929 207 236 475 
241 932 207 232 478 
242 932 207 232 478 
243 932 207 232 478 
244 936 196 239 496 
245 936 196 239 496 
246 948 184 230 522 
247 950 198 233 492 
248 950 198 233 492 
249 949 191 232 510 
250 957 175 220 544 
251 957 175 220 544 
252 957 175 220 544 
253 959 188 228 523 
254 978 185 221 520 
255 978 185 221 520 
256 985 177 218 523 
257 991 173 221 527 
258 991 173 221 527 
259 973 146 267 558 
260 973 146 267 558 
261 973 146 267 558 
262 976 145 266 561 
263 976 146 266 558 
264 976 146 266 558 
265 978 141 272 562 
266 978 140 269 561 
267 995 149 218 556 
268 995 149 218 556 
269 998 142 213 564 
270 998 142 213 564 
271 996 144 211 562 
272 996 144 211 562 
273 991 146 217 551 
274 991 141 212 558 
275 991 141 212 558 
276 993 116 212 566 
277 993 116 212 566 
278 993 123 204 541 
279 990 115 202 533 
280 985 115 207 508 
281 985 115 207 508 
282 968 96 218 510 
283 968 96 218 510 
284 963 93 221 508 
285 963 93 221 508 
286 964 98 218 494 
287 963 97 216 491 
288 959 87 211 504 
289 959 87 211 504 
290 961 85 198 501 
291 961 85 198 501 
292 961 85 198 501 
293 961 79 195 506 
294 961 74 190 516 
295 953 78 196 504 
296 953 78 196 504 
297 943 80 198 503 
298 913 84 223 502 
299 913 84 223 502 
300 915 93 217 486 
301 915 93 217 486 
302 920 87 204 497 
303 923 60 200 531 
304 923 60 200 531 
305 930 43 182 516 
306 937 36 173 527 
307 937 36 173 527 
308 937 36 173 527 
309 948 46 156 481 
310 953 50 146 465 
311 947 54 149 449 
312 947 54 149 449 
313 939 52 153 446 
314 939 52 153 446 
315 941 51 149 444 
316 941 51 149 444 
317 937 55 151 433 
318 927 61 161 423 
319 914 51 172 438 
320 914 51 172 438 
321 894 52 194 434 
322 894 52 194 434 
323 894 52 194 434 
324 868 47 217 442 
325 863 40 208 427 
326 868 39 206 429 
327 867 48 216 439 
328 862 45 228 442 
329 862 45 228 442 
330 862 45 228 442 
331 859 49 230 435 
332 866 40 216 427 
333 842 35 243 425 
334 842 35 243 425 
335 832 29 249 437 
336 826 38 249 421 
337 826 38 249 421 
338 826 38 249 421 
339 829 34 237 429 
340 835 24 185 447 
341 830 25 188 444 
342 830 25 188 444 
343 822 23 189 441 
344 824 28 156 437 
345 824 28 156 437 
346 824 28 156 437 
347 818 25 156 441 
348 795 35 169 424 
349 795 35 169 424 
350 791 40 175 417 
351 792 43 173 410 
352 792 43 173 410 
353 794 41 166 411 
354 794 41 166 411 
355 791 23 165 445 
356 789 37 169 419 
357 789 37 169 419 
358 787 42 160 403 
359 775 49 175 392 
360 775 49 175 392 
361 768 53 187 391 
362 760 48 192 395 
363 757 28 194 423 
364 757 28 194 423 
365 757 22 176 443 
366 740 29 171 413 
367 740 29 171 413 
368 740 29 171 413 
369 740 27 147 400 
370 740 27 147 400 
371 737 39 138 372 
372 689 60 172 351 
373 691 57 171 365 
374 690 59 168 358 
375 690 59 168 358 
376 690 59 168 358 
377 690 59 168 358 
378 687 47 177 380 
379 691 48 172 373 
380 685 41 174 379 
381 670 54 193 358 
382 661 57 202 358 
383 661 57 202 358 
384 661 57 202 358 
385 656 64 205 345 
386 652 62 211 346 
387 652 62 211 346 
388 648 61 214 347 
389 634 49 222 351 
390 634 49 222 351 
391 634 49 222 351 
392 623 43 212 358 
393 613 47 227 348 
394 613 47 227 348 
395 600 50 238 343 
396 591 49 238 343 
397 587 47 231 342 
398 587 47 231 342 
399 587 47 231 342 
400 593 50 209 342 
401 579 55 192 340 
402 577 55 191 340 
403 577 55 191 340 
404 576 54 180 346 
405 576 50 165 351 
406 576 50 165 351 
407 576 50 165 351 
408 573 50 165 348 
409 570 55 168 342 
410 570 55 168 342 
411 569 56 168 342 
412 564 49 170 353 
413 538 47 186 355 
414 538 47 186 355 
415 538 47 186 355 
416 544 39 176 363 
417 544 39 176 363 
418 541 41 180 358 
419 542 30 175 379 
420 542 30 175 379 
421 544 12 163 379 
422 544 12 163 379 
423 543 15 155 373 
424 545 12 144 373 
425 545 12 144 373 
426 537 13 149 364 
427 533 18 156 347 
428 533 18 156 347 
429 527 22 167 341 
430 527 22 167 341 
431 527 22 167 341 
432 519 29 174 335 
433 519 29 174 335 
434 480 32 192 325 
435 475 31 203 325 
436 467 32 214 323 
437 467 32 214 323 
438 463 36 217 320 
439 463 36 217 320 
440 463 36 217 320 
441 463 44 216 310 
442 469 42 214 316 
443 473 41 211 321 
444 473 41 211 321 
445 463 39 217 327 
446 458 28 220 349 
447 458 28 220 349 
448 458 28 220 349 
449 454 23 215 365 
450 454 23 215 365 
451 456 64 202 310 
452 435 42 182 323 
453 430 38 195 331 
454 430 38 195 331 
455 423 41 194 327 
456 423 41 194 327 
457 419 42 179 325 
458 414 44 175 323 
459 414 44 175 323 
460 389 38 184 328 
461 392 40 182 325 
462 392 40 182 325 
463 392 40 182 325 
464 388 42 189 321 
465 385 59 183 317 
466 384 58 184 320 
467 384 58 184 320 
468 375 61 196 316 
469 370 61 201 314 
470 370 61 201 314 
471 370 61 201 314 
472 364 62 207 310 
473 360 64 213 307 
474 360 64 213 307 
475 361 62 210 313 
476 351 62 221 315 
477 343 63 229 313 
478 343 63 229 313 
479 343 63 229 313 
480 346 63 223 311 
481 345 74 221 296 
482 325 68 212 300 
483 325 68 212 300 
484 319 68 217 300 
485 319 68 217 300 
486 316 72 221 293 
487 316 72 221 293 
488 320 73 214 293 
489 320 73 214 293 
490 325 72 207 296 
491 321 71 210 301 
492 321 71 210 301 
493 322 72 202 299 
494 314 73 210 299 
495 314 73 210 299 
496 314 73 210 299 
497 316 80 201 290 
498 312 81 197 288 
499 314 79 189 289 
500 314 79 189 289 
501 314 76 186 299 
502 314 76 186 299 
503 313 73 181 307 
504 313 73 181 307 
505 314 70 178 317 
506 297 67 179 325 
507 300 70 172 326 
508 313 76 177 318 
509 313 76 177 318 
510 313 76 177 318 
511 300 75 174 322 
512 300 75 174 322 
513 312 76 178 327 
514 300 78 174 325 
515 314 77 175 329 
516 314 77 175 329 
517 315 72 171 336 
518 315 72 171 336 
519 315 72 171 336 
520 305 75 167 332 
521 303 75 169 329 
522 303 70 170 333 
523 305 68 165 335 
524 305 68 165 335 
525 305 68 165 335 
526 304 71 167 331 
527 305 74 166 331 
528 306 76 163 323 
529 306 76 163 323 
530 305 70 164 335 
531 315 79 174 325 
532 315 79 174 325 
533 305 85 164 314 
534 305 85 164 314 
535 316 83 171 332 
536 316 82 172 336 
537 317 85 170 336 
538 317 85 170 336 
539 317 85 170 336 
540 320 109 161 324 
541 319 111 166 331 
542 319 107 165 350 
543 318 112 169 343 
544 318 112 169 343 
545 318 112 170 350 
546 318 112 170 350 
547 319 108 170 367 
548 319 108 170 367 
549 315 107 172 367 
550 315 108 173 369 
551 315 108 174 367 
552 316 107 176 369 
553 316 107 176 369 
554 316 107 176 369 
555 317 110 179 364 
556 317 110 179 364 
557 314 112 190 361 
558 312 111 207 367 
559 315 110 213 372 
560 315 110 213 372 
561 318 114 222 366 
562 318 114 222 366 
563 318 114 222 366 
564 318 112 229 370 
565 325 124 251 353 
566 324 125 261 351 
567 326 127 266 348 
568 326 127 266 348 
569 329 136 266 357 
570 329 136 266 357 
571 329 136 266 357 
572 335 136 267 357 
573 345 115 256 371 
574 350 132 260 367 
575 353 126 260 380 
576 353 126 260 380 
577 353 126 260 380 
578 351 122 265 388 
579 351 122 265 388 
580 358 120 253 393 
581 372 108 250 390 
582 378 108 241 390 
583 378 108 241 390 
584 383 112 235 383 
585 383 112 235 383 
586 383 112 235 383 
587 387 111 231 386 
588 390 106 233 395 
589 386 113 237 414 
590 386 113 237 414 
591 385 109 242 426 
592 396 114 229 422 
593 396 114 229 422 
594 396 114 229 422 
595 404 119 220 421 
596 408 125 215 416 
597 413 123 211 429 
598 416 126 210 436 
599 416 126 210 436 
600 419 135 206 423 
601 419 135 206 423 
602 420 130 209 442 
603 426 131 206 443 
604 429 126 203 451 
605 429 126 203 451 
606 425 127 212 478 
607 423 127 217 480 
608 423 127 217 480 
609 420 126 227 484 
610 420 126 227 484 
611 437 122 227 453 
612 435 120 234 454 
613 435 120 234 454 
614 438 123 237 448 
615 438 123 237 448 
616 442 125 253 445 
617 448 126 258 447 
618 448 126 258 447 
619 446 145 312 446 
620 451 108 321 521 
621 457 105 317 527 
622 457 105 317 527 
623 457 105 317 527 
624 459 116 315 526 
625 461 124 313 524 
626 461 124 313 524 
627 472 122 308 531 
628 475 124 301 528 
629 481 117 290 542 
630 481 117 290 542 
631 481 117 290 542 
632 484 119 285 544 
633 483 121 285 544 
634 507 175 222 438 
635 507 175 222 438 
636 507 173 221 444 
637 517 162 211 468 
638 517 162 211 468 
639 517 162 211 468 
640 519 167 215 465 
641 517 157 227 516 
642 514 161 229 518 
643 516 179 224 500 
644 516 179 224 500 
645 517 197 227 472 
646 517 197 227 472 
647 517 197 227 472 
648 520 205 227 459 
649 546 207 205 460 
650 536 206 220 468 
651 535 207 223 465 
652 535 207 223 465 
653 535 207 223 465 
654 535 206 228 468 
655 540 214 224 461 
656 541 214 226 460 
657 541 214 226 460 
658 541 222 231 444 
659 541 227 237 435 
660 541 227 237 435 
661 541 227 237 435 
662 541 229 242 432 
663 526 189 297 532 
664 545 204 305 514 
665 545 204 305 514 
666 539 208 346 507 
667 543 213 353 504 
668 543 213 353 504 
669 550 234 314 482 
670 550 234 314 482 
671 562 245 307 465 
672 574 247 299 460 
673 602 269 230 423 
674 602 269 230 423 
675 614 270 227 427 
676 614 270 227 427 
677 612 269 243 437 
678 612 269 243 437 
679 638 265 230 447 
680 651 272 231 437 
681 659 275 238 434 
682 659 275 238 434 
683 659 275 238 434 
684 661 273 245 441 
685 673 272 242 440 
686 677 273 240 426 
687 684 277 239 416 
688 684 277 239 416 
689 694 282 237 410 
690 694 282 237 410 
691 694 282 237 410 
692 700 281 236 420 
693 707 270 229 435 
694 707 272 239 424 
695 707 268 241 429 
696 707 268 241 429 
697 707 268 241 429 
698 707 275 247 399 
699 707 275 247 399 
700 717 269 252 421 
701 715 270 261 431 
702 715 270 261 431 
703 715 270 261 431 
704 706 276 306 422 
705 713 268 308 439 
706 711 270 311 431 
707 714 267 313 434 
708 714 267 313 434 
709 714 267 313 434 
710 715 270 321 435 
711 714 269 324 442 
712 716 273 320 434 
713 715 268 326 440 
714 715 268 326 440 
715 716 268 325 444 
716 716 269 325 442 
717 716 269 325 442 
718 719 266 318 442 
719 717 264 317 443 
720 716 267 318 439 
721 716 267 318 439 
722 719 261 313 444 
723 719 261 313 444 
724 714 267 311 430 
725 714 267 307 432 
726 719 260 261 437 
727 717 253 262 446 
728 717 253 262 446 
729 717 253 262 446 
730 717 246 260 453 
731 721 249 257 444 
732 718 247 259 448 
733 721 242 255 455 
734 721 242 255 455 
735 724 248 248 440 
736 724 248 248 440 
737 724 248 248 440 
738 723 236 245 462 
739 731 250 231 441 
740 728 234 238 467 
741 715 219 254 458 
742 715 219 254 458 
743 713 225 257 447 
744 713 225 257 447 
745 713 225 257 447 
746 713 223 257 449 
747 715 215 254 458 
748 716 224 229 447 
749 719 226 220 446 
750 719 226 220 446 
751 715 221 227 451 
752 718 222 220 449 
753 718 222 220 449 
754 719 214 214 467 
755 714 210 222 480 
756 706 209 227 480 
757 706 209 227 480 
758 706 209 227 480 
759 703 219 231 463 
760 693 215 242 470 
761 693 213 242 470 
762 687 218 242 461 
763 687 218 242 461 
764 680 214 247 467 
765 680 214 247 467 
766 680 214 247 467 
767 678 206 246 477 
768 677 189 246 496 
769 674 181 244 507 
770 666 184 225 497 
771 661 175 230 516 
772 661 175 230 516 
773 661 175 230 516 
774 658 173 227 512 
775 650 168 230 518 
776 650 181 224 494 
777 650 181 224 494 
778 645 178 223 501 
779 647 188 217 483 
780 647 188 217 483 
781 648 185 214 486 
782 648 185 214 486 
783 641 187 218 478 
784 636 184 219 485 
785 636 184 219 485 
786 613 161 234 524 
787 613 161 234 524 
788 613 161 234 524 
789 613 150 233 540 
790 610 151 241 537 
791 610 167 239 517 
792 631 176 239 502 
793 626 182 244 493 
794 626 182 244 493 
795 626 182 244 493 
796 626 191 245 484 
797 607 197 234 483 
798 600 196 242 478 
799 600 196 242 478 
800 594 187 241 479 
801 580 181 250 492 
802 580 181 250 492 
803 580 181 250 492 
804 580 178 241 497 
805 559 177 247 503 
806 561 186 239 485 
807 561 186 239 485 
808 564 193 226 464 
809 563 197 224 453 
810 563 197 224 453 
811 563 197 224 453 
812 564 199 221 454 
813 562 197 222 459 
814 561 203 219 444 
815 561 203 219 444 
816 557 194 224 455 
817 549 191 230 457 
818 549 191 230 457 
819 549 191 230 457 
820 537 194 243 448 
821 525 189 256 456 
822 515 197 272 441 
823 494 203 301 436 
824 494 203 301 436 
825 494 203 301 436 
826 488 196 301 448 
827 481 195 297 457 
828 476 205 256 447 
829 467 210 269 439 
830 464 223 270 415 
831 464 223 270 415 
832 464 223 270 415 
833 433 197 297 460 
834 433 197 297 460 
835 426 205 296 458 
836 418 197 301 463 
837 410 213 310 434 
838 404 212 315 437 
839 404 212 315 437 
840 404 212 315 437 
841 404 212 315 437 
842 400 222 316 433 
843 388 236 329 414 
844 396 254 322 397 
845 396 254 322 397 
846 384 263 333 397 
847 383 263 327 394 
848 383 263 327 394 
849 386 273 308 383 
850 386 273 308 383 
851 382 272 301 389 
852 374 272 289 383 
853 374 272 289 383 
854 371 270 282 372 
855 370 250 265 384 
856 370 250 265 384 
857 370 250 265 384 
858 354 241 248 404 
859 350 240 251 405 
860 347 239 237 409 
861 342 239 241 408 
862 342 239 241 408 
863 342 239 241 408 
864 342 239 241 408 
865 341 233 233 417 
866 340 234 230 417 
867 341 240 232 410 
868 336 239 243 413 
869 336 239 243 413 
870 337 238 239 416 
871 337 238 239 416 
872 337 238 239 416 
873 329 240 247 411 
874 333 232 245 422 
875 336 226 236 430 
876 336 226 236 430 
877 340 219 226 436 
878 344 206 220 444 
879 344 206 220 444 
880 344 206 220 444 
881 343 176 233 433 
882 343 168 234 422 
883 342 171 234 412 
884 342 171 234 412 
885 340 163 249 419 
886 340 163 249 419 
887 341 154 253 430 
888 341 154 253 430 
889 340 141 259 420 
890 341 141 263 422 
891 341 141 263 422 
892 347 138 263 426 
893 345 141 262 415 
894 345 141 262 415 
895 345 141 262 415 
896 345 145 264 409 
897 348 137 268 421 
898 343 142 271 408 
899 342 146 271 396 
900 342 146 271 396 
901 342 146 271 396 
902 348 138 270 397 
903 350 129 266 396 
904 350 129 266 396 
905 353 120 265 403 
906 377 103 248 403 
907 354 111 258 415 
908 354 111 258 415 
909 354 111 258 415 
910 369 111 257 413 
911 374 115 250 403 
912 374 115 250 403 
913 387 122 234 394 
914 391 119 223 398 
915 398 119 213 370 
916 398 119 213 370 
917 398 119 213 370 
918 400 114 211 375 
919 409 115 199 369 
920 411 107 190 383 
921 412 104 194 387 
922 410 98 203 400 
923 410 98 203 400 
924 410 98 203 400 
925 416 95 200 402 
926 421 93 197 399 
927 428 92 198 398 
928 430 99 192 378 
929 430 99 192 378 
930 430 99 192 378 
931 431 102 188 370 
932 435 100 183 368 
933 435 100 183 368 
934 438 100 179 363 
935 441 94 177 363 
936 441 97 174 354 
937 441 97 174 354 
938 441 97 174 354 
939 440 97 170 348 
940 437 92 175 352 
941 436 67 181 376 
942 436 67 181 376 
943 435 88 176 355 
944 427 75 193 359 
945 427 75 193 359 
946 427 75 193 359 
947 426 74 195 361 
948 415 78 201 352 
949 413 97 203 339 
950 413 97 203 339 
951 413 95 210 347 
952 417 95 211 346 
953 417 95 211 346 
954 417 95 211 346 
955 420 97 218 343 
956 418 90 232 358 
957 426 83 242 368 
958 426 83 242 368 
959 428 85 249 361 
960 430 68 266 368 
961 430 68 266 368 
962 430 68 266 368 
963 453 59 256 383 
964 459 54 275 387 
965 461 55 271 383 
966 463 60 271 377 
967 463 60 271 377 
968 463 60 271 377 
969 473 64 262 373 
970 479 64 253 373 
971 479 63 251 378 
972 478 66 254 374 
973 478 66 254 374 
974 485 64 250 378 
975 485 64 250 378 
976 485 64 250 378 
977 486 64 248 378 
978 479 62 256 382 
979 478 59 257 386 
980 472 75 254 384 
981 469 74 259 386 
982 469 74 259 386 
983 469 74 259 386 
984 464 86 266 371 
985 441 110 315 332 
986 419 104 313 353 
987 415 110 314 345 
988 408 102 311 364 
989 408 102 311 364 
990 408 102 311 364 
991 369 103 355 380 
992 369 103 355 380 
993 342 115 389 367 
994 337 114 372 370 
995 344 133 332 374 
996 342 138 270 364 
997 342 138 270 364 
998 342 138 270 364 
999 344 149 253 347 
1000 338 148 249 350 
1001 339 150 238 346 
1002 340 151 229 344 
1003 340 151 229 344 
1004 340 151 229 344 
1005 344 150 226 344 
1006 361 147 217 349 
1007 365 145 228 352 
1008 383 133 229 368 
1009 409 120 216 364 
1010 409 120 216 364 
1011 409 120 216 364 
1012 414 106 242 385 
1013 412 109 275 382 
1014 412 109 275 382 
1015 421 107 272 384 
1016 433 105 268 382 
1017 448 106 255 379 
1018 448 106 255 379 
1019 448 106 255 379 
1020 459 113 249 364 
1021 459 113 249 364 
1022 468 114 253 365 
1023 471 118 247 350 
1024 473 119 247 360 
1025 472 113 248 382 
1026 472 113 248 382 
1027 472 106 248 394 
1028 472 106 248 394 
1029 466 102 235 431 
1030 465 100 236 439 
1031 463 100 238 457 
1032 463 100 238 457 
1033 468 94 225 469 
1034 468 94 225 469 
1035 468 94 225 469 
1036 467 105 225 456 
1037 471 124 217 432 
1038 474 132 216 424 
1039 478 138 209 415 
1040 478 138 209 415 
1041 478 138 209 415 
1042 487 133 226 418 
1043 487 133 226 418 
1044 490 132 231 420 
1045 502 131 231 427 
1046 508 125 232 451 
1047 508 125 232 451 
1048 509 131 243 468 
1049 509 131 243 468 
1050 512 126 240 478 
1051 528 133 237 474 
1052 513 131 238 480 
1053 534 139 226 475 
1054 534 139 226 475 
1055 534 139 226 475 
1056 528 139 235 483 
1057 529 138 234 487 
1058 530 141 233 485 
1059 536 138 225 499 
1060 535 132 229 519 
1061 535 132 229 519 
1062 535 137 232 525 
1063 542 141 223 521 
1064 544 129 225 579 
1065 544 143 233 560 
1066 552 163 229 530 
1067 552 163 229 530 
1068 552 163 229 530 
1069 558 180 230 505 
1070 560 182 234 507 
1071 561 180 239 517 
1072 561 180 239 517 
1073 559 181 246 515 
1074 559 181 246 515 
1075 558 178 248 516 
1076 558 177 248 521 
1077 561 177 242 530 
1078 557 180 250 516 
1079 561 195 241 494 
1080 561 195 241 494 
1081 561 195 241 494 
1082 572 194 244 503 
1083 572 207 242 487 
1084 580 219 232 490 
1085 574 219 239 467 
1086 572 220 249 490 
1087 572 220 249 490 
1088 572 220 249 490 
1089 556 218 254 491 
1090 556 218 254 491 
1091 556 225 249 474 
1092 557 246 237 401 
1093 529 190 288 525 
1094 520 188 298 530 
1095 520 188 298 530 
1096 507 195 317 525 
1097 507 195 317 525 
1098 509 232 303 465 
1099 501 236 313 447 
1100 494 233 313 448 
1101 494 233 313 448 
1102 490 222 295 450 
1103 490 222 295 450 
1104 482 219 287 444 
1105 486 229 266 417 
1106 477 222 272 425 
1107 477 222 272 425 
1108 477 222 272 425 
1109 471 217 277 433 
1110 464 213 281 430 
1111 467 216 283 430 
1112 465 231 282 416 
1113 462 237 282 410 
1114 462 237 282 410 
1115 462 237 282 410 
1116 455 253 292 392 
1117 443 271 309 371 
1118 439 283 314 356 
1119 427 293 316 360 
1120 428 296 314 357 
1121 428 296 314 357 
1122 428 296 314 357 
1123 427 302 317 347 
1124 427 303 315 353 
1125 425 296 316 360 
1126 425 294 315 358 
1127 419 283 322 369 
1128 419 283 322 369 
1129 419 283 322 369 
1130 423 279 316 371 
1131 427 256 307 397 
1132 427 256 307 397 
1133 426 243 305 404 
1134 426 243 305 404 
1135 418 192 299 451 
1136 418 192 299 451 
1137 418 192 299 451 
1138 429 173 276 432 
1139 429 173 276 432 
1140 438 150 258 470 
1141 439 139 243 501 
1142 448 125 232 510 
1143 448 125 232 510 
1144 448 125 232 510 
1145 445 134 231 475 
1146 450 132 223 474 
1147 459 122 208 492 
1148 463 116 211 470 
1149 463 116 211 470 
1150 471 111 204 481 
1151 471 111 204 481 
1152 473 100 205 501 
1153 473 105 207 481 
1154 472 102 203 465 
1155 472 102 203 465 
1156 467 93 213 460 
1157 463 84 221 466 
1158 463 84 221 466 
1159 463 84 221 466 
1160 464 80 216 470 
1161 460 71 219 487 
1162 461 71 214 492 
1163 467 88 207 423 
1164 469 83 207 432 
1165 469 83 207 432 
1166 469 89 207 421 
1167 469 87 210 419 
1168 469 87 210 419 
1169 466 87 205 406 
1170 466 87 205 406 
1171 466 87 205 406 
1172 467 84 205 402 
1173 463 80 211 398 
1174 463 69 215 404 
1175 468 68 208 397 
1176 466 58 213 389 
1177 466 58 213 389 
1178 466 58 213 389 
1179 465 64 211 378 
1180 466 60 205 383 
1181 466 60 205 383 
1182 471 59 197 385 
1183 479 62 186 381 
1184 485 63 172 376 
1185 485 63 172 376 
1186 485 63 172 376 
1187 484 53 176 398 
1188 493 46 164 406 
1189 493 46 164 406 
1190 499 46 153 411 
1191 504 48 151 405 
1192 502 47 155 401 
1193 502 47 155 401 
1194 505 42 151 405 
1195 505 42 151 405 
1196 514 47 137 397 
1197 529 50 136 385 
1198 537 56 129 365 
1199 537 56 129 365 
1200 537 50 139 356 
1201 546 46 129 349 
1202 549 43 134 350 
1203 555 19 134 369 
1204 555 19 134 369 
1205 555 19 134 369 
1206 563 19 135 369 
1207 565 20 158 360 
1208 564 21 167 357 
1209 577 30 161 342 
1210 580 35 188 328 
1211 580 35 188 328 
1212 583 35 191 325 
1213 583 35 191 325 
1214 577 36 207 317 
1215 596 27 214 328 
1216 604 16 220 330 
1217 604 16 220 330 
1218 611 24 217 315 
1219 611 24 217 315 
1220 611 24 217 315 
1221 623 18 201 309 
1222 634 20 187 307 
1223 641 12 172 321 
1224 649 14 159 324 
1225 649 14 159 324 
1226 657 10 190 326 
1227 657 10 190 326 
1228 661 15 185 317 
1229 661 15 185 317 
1230 663 12 176 324 
1231 670 13 169 321 
1232 679 16 153 319 
1233 681 18 174 315 
1234 681 18 174 315 
1235 681 18 174 315 
1236 682 17 195 318 
1237 680 11 229 328 
1238 680 11 229 328 
1239 683 11 226 326 
1240 694 9 212 331 
1241 694 9 212 331 
1242 705 7 201 339 
1243 712 10 191 335 
1244 712 10 191 335 
1245 725 8 178 342 
1246 731 8 172 342 
1247 731 9 174 344 
1248 731 9 174 344 
1249 731 9 174 344 
1250 735 11 171 340 
1251 737 8 171 347 
1252 737 8 171 347 
1253 738 10 171 344 
1254 743 5 167 356 
1255 745 6 163 363 
1256 745 6 163 363 
1257 748 8 163 362 
1258 748 8 163 362 
1259 761 1 162 392 
1260 762 2 170 393 
1261 762 2 170 393 
1262 768 6 159 390 
1263 770 10 158 386 
1264 770 10 158 386 
1265 774 10 153 386 
1266 774 10 153 386 
1267 772 8 160 389 
1268 776 4 161 401 
1269 778 4 160 400 
1270 778 4 160 400 
1271 777 3 165 401 
1272 777 3 165 401 
1273 777 3 165 401 
1274 777 4 168 399 
1275 777 4 168 399 
1276 778 3 173 399 
1277 775 1 182 403 
1278 775 24 193 392 
1279 775 24 193 392 
1280 775 24 193 392 
1281 770 16 211 407 
1282 770 16 211 407 
1283 767 21 218 398 
1284 767 21 218 398 
1285 765 13 223 416 
1286 764 8 221 437 
1287 764 8 221 437 
1288 769 9 205 445 
1289 769 9 205 445 
1290 769 9 205 445 
1291 773 16 190 437 
1292 775 15 184 450 
1293 775 15 184 450 
1294 778 16 178 454 
1295 777 21 189 461 
1296 777 21 189 461 
1297 778 26 185 456 
1298 778 26 185 456 
1299 774 23 189 460 
1300 774 23 189 460 
1301 781 21 183 464 
1302 779 26 185 456 
1303 774 19 189 471 
1304 775 29 190 452 
1305 775 29 190 452 
1306 775 29 190 452 
1307 772 30 192 447 
1308 776 38 185 430 
1309 779 34 186 432 
1310 779 31 186 443 
1311 779 31 186 443 
1312 775 41 188 428 
1313 775 41 188 428 
1314 779 41 175 461 
1315 779 41 175 461 
1316 776 47 176 458 
1317 767 50 185 463 
1318 767 50 185 463 
1319 761 54 189 466 
1320 761 54 189 466 
1321 756 59 194 463 
1322 756 59 194 463 
1323 751 69 204 458 
1324 742 74 219 457 
1325 734 85 232 465 
1326 734 85 232 465 
1327 709 70 242 491 
1328 709 70 242 491 
1329 709 70 242 491 
1330 711 77 237 480 
1331 706 79 242 478 
1332 697 85 257 474 
1333 697 85 257 474 
1334 685 81 263 479 
1335 675 87 264 479 
1336 675 87 264 479 
1337 669 97 265 460 
1338 669 97 265 460 
1339 657 81 244 503 
1340 657 86 240 506 
1341 652 96 227 506 
1342 653 94 211 518 
1343 653 94 211 518 
1344 653 94 211 518 
1345 652 109 194 483 
1346 649 110 193 483 
1347 624 94 208 559 
1348 614 115 215 526 
1349 614 115 215 526 
1350 615 123 212 520 
1351 615 123 212 520 
1352 615 123 212 520 
1353 614 130 216 506 
1354 609 148 223 485 
1355 591 137 243 517 
1356 591 137 243 517 
1357 583 144 250 507 
1358 583 144 250 507 
1359 577 160 256 483 
1360 577 160 256 483 
1361 572 163 253 476 
1362 565 139 224 525 
1363 562 173 227 489 
1364 544 154 237 493 
1365 544 154 237 493 
1366 544 154 237 493 
1367 539 154 225 495 
1368 523 146 218 511 
1369 523 146 218 511 
1370 522 159 217 484 
1371 511 174 230 446 
1372 511 174 230 446 
1373 505 186 240 426 
1374 500 179 245 436 
1375 500 179 245 436 
1376 494 176 251 443 
1377 492 173 250 444 
1378 492 173 250 444 
1379 487 172 252 444 
1380 487 172 252 444 
1381 480 171 256 443 
1382 475 172 259 442 
1383 475 172 259 442 
1384 476 172 257 448 
1385 448 137 312 514 
1386 453 168 254 455 
1387 453 168 254 455 
1388 453 168 254 455 
1389 449 142 256 498 
1390 449 142 256 498 
1391 440 135 261 484 
1392 436 138 251 475 
1393 436 138 251 475 
1394 433 130 231 490 
1395 433 130 231 490 
1396 433 130 231 490 
1397 429 140 204 463 
1398 425 142 194 460 
1399 426 141 191 458 
1400 426 141 191 458 
1401 422 151 198 435 
1402 412 136 218 433 
1403 412 136 218 433 
1404 412 136 218 433 
1405 410 138 219 426 
1406 407 145 222 413 
1407 407 145 222 413 
1408 403 145 225 405 
1409 402 146 226 401 
1410 402 146 226 401 
1411 401 149 224 398 
1412 401 149 224 398 
1413 393 151 227 396 
1414 393 151 227 396 
1415 385 148 233 398 
1416 380 155 238 385 
1417 380 155 238 385 
1418 377 156 240 382 
1419 361 152 238 381 
1420 361 152 238 381 
1421 361 152 238 381 
1422 359 148 242 384 
1423 359 153 240 370 
1424 352 146 234 380 
1425 351 147 229 368 
1426 351 147 229 368 
1427 351 147 229 368 
1428 349 142 225 369 
1429 349 142 225 369 
1430 344 133 231 378 
1431 339 130 221 378 
1432 339 130 221 378 
1433 342 126 213 386 
1434 342 126 213 386 
1435 336 135 198 376 
1436 339 131 188 385 
1437 339 131 188 385 
1438 341 129 174 388 
1439 340 129 172 385 
1440 340 130 173 385 
1441 340 130 173 385 
1442 340 130 173 385 
1443 334 118 185 366 
1444 332 122 189 357 
1445 332 122 189 357 
1446 333 124 186 356 
1447 331 118 186 362 
1448 329 112 187 366 
1449 329 112 187 366 
1450 329 112 187 366 
1451 335 100 181 379 
1452 338 100 175 370 
1453 338 100 175 370 
1454 337 99 171 355 
1455 339 102 167 345 
1456 339 102 167 345 
1457 321 82 189 341 
1458 321 82 189 341 
1459 321 82 189 341 
1460 323 86 186 332 
1461 326 84 180 336 
1462 326 84 180 336 
1463 328 83 181 335 
1464 328 85 179 331 
1465 328 85 179 331 
1466 328 85 179 331 
1467 325 82 185 336 
1468 324 81 189 336 
1469 324 81 189 336 
1470 323 81 191 335 
1471 324 85 188 329 
1472 324 85 188 329 
1473 320 83 190 331 
1474 320 83 190 331 
1475 320 83 190 331 
1476 317 88 190 322 
1477 317 88 190 322 
1478 313 89 192 318 
1479 314 89 186 312 
1480 314 89 186 312 
1481 315 89 182 310 
1482 318 86 176 308 
1483 318 86 176 308 
1484 318 86 176 308 
1485 318 88 177 302 
1486 318 88 177 302 
1487 316 81 184 310 
1488 314 80 192 310 
1489 315 81 197 308 
1490 315 81 197 308 
1491 316 84 189 307 
1492 316 84 189 307 
1493 316 84 189 307 
1494 314 79 184 314 
1495 315 81 178 313 
1496 315 81 178 313 
1497 314 78 175 314 
1498 301 75 172 315 
1499 301 75 172 315 
1500 300 75 175 319 
1501 300 75 175 319 
1502 300 75 175 319 
1503 300 77 174 315 
1504 300 78 175 312 
1505 300 78 175 312 
1506 299 74 176 315 
1507 298 74 177 317 
1508 298 74 177 317 
1509 298 74 177 317 
1510 296 73 179 315 
1511 295 71 177 315 
1512 295 71 177 315 
1513 292 76 181 304 
1514 291 73 176 307 
1515 289 74 175 305 
1516 289 74 175 305 
1517 289 74 175 305 
1518 289 76 169 302 
1519 286 77 169 300 
1520 291 76 151 304 
1521 291 76 151 304 
1522 289 77 152 306 
1523 290 80 151 304 
1524 290 80 151 304 
1525 290 80 151 304 
1526 292 84 147 299 
1527 292 86 150 293 
1528 292 86 150 293 
1529 289 90 154 283 
1530 291 96 152 272 
1531 291 96 152 272 
1532 289 100 156 266 
1533 289 100 156 266 
1534 289 100 156 266 
1535 290 104 153 262 
1536 290 102 155 264 
1537 290 102 155 264 
1538 289 101 153 266 
1539 289 100 148 270 
1540 289 100 148 270 
1541 302 117 106 250 
1542 302 117 106 250 
1543 302 117 106 250 
1544 295 110 83 232 
1545 293 112 84 222 
1546 293 112 80 220 
1547 289 110 82 224 
1548 289 110 82 224 
1549 292 112 78 217 
1550 292 112 78 217 
1551 279 85 92 228 
1552 284 94 86 206 
1553 284 93 85 200 
1554 284 93 85 200 
1555 284 96 84 196 
1556 284 96 84 196 
1557 
1558 
1559 
1560 
1561 
1562 
1563 
1564 
1565 
1566 
1567 291 126 80 205 
1568 
1569 
1570 
1571 
1572 
1573 
1574 303 127 93 237 
1575 298 132 107 234 
1576 298 132 107 234 
1577 297 127 115 246 
1578 297 127 115 246 
1579 297 127 115 246 
1580 295 120 126 306 
1581 297 110 133 325 
1582 296 113 162 333 
1583 291 117 192 329 
1584 291 117 192 329 
1585 291 117 192 329 
1586 289 124 230 317 
1587 289 124 230 317 
1588 290 127 232 318 
1589 297 129 230 323 
1590 305 126 229 334 
1591 305 126 229 334 
1592 305 126 229 334 
1593 308 116 232 346 
1594 311 117 235 346 
1595 316 119 228 342 
1596 316 119 228 342 
1597 321 119 217 340 
1598 324 120 214 344 
1599 324 120 214 344 
1600 324 120 214 344 
1601 329 116 206 349 
1602 329 116 206 349 
1603 334 110 198 363 
1604 334 108 196 372 
1605 352 101 197 381 
1606 352 101 197 381 
1607 362 104 187 369 
1608 362 104 187 369 
1609 368 102 186 378 
1610 368 102 186 378 
1611 368 100 201 384 
1612 379 105 194 387 
1613 382 111 201 377 
1614 382 111 201 377 
1615 379 111 243 381 
1616 379 111 243 381 
1617 379 111 243 381 
1618 387 109 238 383 
1619 408 110 220 379 
1620 408 110 220 379 
1621 416 112 211 373 
1622 426 106 202 385 
1623 426 106 202 385 
1624 432 104 196 390 
1625 432 104 196 390 
1626 437 98 188 402 
1627 437 97 189 398 
1628 436 92 225 410 
1629 437 83 226 434 
1630 437 83 226 434 
1631 437 83 226 434 
1632 440 82 226 434 
1633 440 82 226 434 
1634 446 91 234 418 
1635 458 97 244 406 
1636 465 86 275 425 
1637 465 86 275 425 
1638 475 97 266 405 
1639 475 97 266 405 
1640 475 97 266 405 
1641 483 109 261 386 
1642 494 101 253 402 
1643 494 101 253 402 
1644 490 105 277 419 
1645 495 109 272 414 
1646 511 105 274 425 
1647 511 105 274 425 
1648 511 105 274 425 
1649 513 104 273 427 
1650 524 107 257 424 
1651 531 104 248 432 
1652 531 103 244 434 
1653 531 103 244 434 
1654 538 95 244 456 
1655 538 95 244 456 
1656 538 95 244 456 
1657 539 96 240 459 
1658 551 102 227 452 
1659 561 104 216 456 
1660 561 104 216 456 
1661 563 111 215 455 
1662 563 111 215 455 
1663 569 117 203 448 
1664 569 117 203 448 
1665 578 115 203 464 
1666 585 111 234 477 
1667 586 113 236 470 
1668 586 113 236 470 
1669 603 121 217 453 
1670 603 121 217 453 
1671 603 121 217 453 
1672 609 127 209 445 
1673 623 138 199 430 
1674 624 137 209 468 
1675 624 137 209 468 
1676 625 143 209 466 
1677 641 130 214 495 
1678 641 130 214 495 
1679 641 124 212 513 
1680 641 124 212 513 
1681 639 122 222 522 
1682 652 119 216 530 
1683 652 119 216 530 
1684 656 116 216 534 
1685 659 131 221 508 
1686 659 131 221 508 
1687 659 131 221 508 
1688 663 122 225 521 
1689 677 100 277 550 
1690 676 101 295 537 
1691 680 103 305 531 
1692 680 103 305 531 
1693 680 103 305 531 
1694 681 98 297 544 
1695 681 98 297 544 
1696 683 100 288 541 
1697 690 96 283 550 
1698 703 105 280 545 
1699 724 136 261 495 
1700 724 136 261 495 
1701 724 136 261 495 
1702 731 130 255 505 
1703 731 130 255 505 
1704 752 132 240 512 
1705 761 129 232 517 
1706 763 123 232 522 
1707 767 105 228 547 
1708 767 105 228 547 
1709 767 105 228 547 
1710 768 106 225 539 
1711 786 120 213 507 
1712 792 122 205 500 
1713 797 122 200 496 
1714 797 122 200 496 
1715 800 90 200 518 
1716 800 90 200 518 
1717 806 95 197 508 
1718 806 95 197 508 
1719 807 96 194 508 
1720 812 93 188 513 
1721 812 93 188 513 
1722 811 88 188 524 
1723 814 83 188 536 
1724 814 83 188 536 
1725 814 83 188 536 
1726 816 87 187 528 
1727 818 77 184 544 
1728 819 83 183 532 
1729 819 83 183 532 
1730 820 79 181 538 
1731 820 79 181 538 
1732 820 79 181 538 
1733 819 76 181 543 
1734 819 78 180 541 
1735 818 70 182 557 
1736 818 71 181 555 
1737 818 71 181 555 
1738 817 64 182 567 
1739 817 64 182 567 
1740 817 64 182 567 
1741 820 64 182 563 
1742 822 64 177 554 
1743 827 64 176 549 
1744 829 68 176 515 
1745 832 69 173 504 
1746 832 69 173 504 
1747 832 69 173 504 
1748 834 33 170 535 
1749 833 38 168 523 
1750 833 38 168 523 
1751 830 42 168 501 
1752 830 42 168 501 
1753 826 41 173 496 
1754 821 46 178 479 
1755 821 46 178 479 
1756 821 46 178 479 
1757 817 41 183 486 
1758 810 44 189 472 
1759 810 44 189 472 
1760 811 39 186 475 
1761 805 43 189 467 
1762 800 53 192 454 
1763 800 53 192 454 
1764 800 53 192 454 
1765 798 60 190 439 
1766 798 60 190 439 
1767 793 43 199 470 
1768 793 43 199 470 
1769 779 48 201 456 
1770 774 50 209 450 
1771 774 50 209 450 
1772 774 50 209 450 
1773 772 48 205 450 
1774 767 44 210 453 
1775 767 44 210 453 
1776 757 29 222 447 
1777 753 36 221 428 
1778 753 36 221 428 
1779 744 38 224 417 
1780 744 38 224 417 
1781 744 38 224 417 
1782 736 31 222 422 
1783 717 38 223 412 
1784 717 38 223 412 
1785 716 36 221 417 
1786 717 37 216 417 
1787 717 37 216 417 
1788 722 40 200 406 
1789 722 40 200 406 
1790 722 40 200 406 
1791 724 48 183 397 
1792 725 46 176 399 
1793 724 45 174 403 
1794 724 45 174 403 
1795 728 51 166 399 
1796 728 51 166 399 
1797 727 54 163 388 
1798 727 54 163 388 
1799 725 52 164 391 
1800 725 52 164 391 
1801 721 53 168 387 
1802 721 53 168 387 
1803 716 43 167 397 
1804 713 45 164 395 
1805 699 44 163 402 
1806 699 44 163 402 
1807 699 44 163 402 
1808 696 38 164 411 
1809 691 41 165 407 
1810 682 41 160 388 
1811 696 38 138 375 
1812 696 38 138 375 
1813 696 38 138 375 
1814 696 38 138 375 
1815 692 34 141 369 
1816 685 31 148 371 
1817 679 39 158 357 
1818 677 39 155 357 
1819 677 39 155 357 
1820 675 50 154 342 
1821 675 50 154 342 
1822 671 54 160 333 
1823 671 54 160 333 
1824 662 32 172 342 
1825 659 32 173 341 
1826 656 29 180 345 
1827 656 29 180 345 
1828 654 34 186 334 
1829 654 34 186 334 
1830 654 34 186 334 
1831 643 27 176 344 
1832 636 35 187 330 
1833 632 40 192 319 
1834 627 39 200 319 
1835 622 37 207 315 
1836 622 37 207 315 
1837 622 37 207 315 
1838 616 35 213 312 
1839 616 35 213 312 
1840 615 31 207 318 
1841 613 30 206 317 
1842 613 30 206 317 
1843 616 27 186 319 
1844 590 28 173 327 
1845 590 28 173 327 
1846 590 28 173 327 
1847 578 30 180 322 
1848 578 30 180 322 
1849 580 31 165 317 
1850 580 31 165 317 
1851 578 29 167 323 
1852 577 25 159 328 
1853 577 25 159 328 
1854 577 25 159 328 
1855 576 21 155 332 
1856 576 24 147 327 
1857 577 24 148 325 
1858 577 24 148 325 
1859 577 22 147 327 
1860 573 23 160 323 
1861 573 23 160 323 
1862 576 19 151 328 
1863 576 19 151 328 
1864 577 17 142 326 
1865 573 16 145 319 
1866 560 15 142 311 
1867 560 15 142 311 
1868 560 16 138 309 
1869 560 16 138 309 
1870 560 16 138 309 
1871 555 12 140 317 
1872 551 6 142 327 
1873 551 6 142 327 
1874 550 7 141 325 
1875 542 6 154 329 
1876 526 10 167 327 
1877 526 10 167 327 
1878 526 10 167 327 
1879 526 10 167 327 
1880 523 8 169 324 
1881 511 14 181 315 
1882 515 15 178 314 
1883 515 15 178 314 
1884 485 18 193 313 
1885 476 16 205 312 
1886 476 16 205 312 
1887 476 16 205 312 
1888 484 15 176 316 
1889 484 18 169 315 
1890 484 18 169 315 
1891 484 13 168 321 
1892 484 19 180 318 
1893 484 19 180 318 
1894 479 20 193 314 
1895 479 20 193 314 
1896 479 27 174 309 
1897 479 27 174 309 
1898 473 27 172 308 
1899 466 22 177 311 
1900 466 22 177 311 
1901 455 16 149 323 
1902 455 16 149 323 
1903 455 16 149 323 
1904 453 13 151 329 
1905 452 19 148 319 
1906 447 28 146 304 
1907 447 28 146 304 
1908 446 28 145 302 
1909 430 28 160 303 
1910 430 28 160 303 
1911 430 28 160 303 
1912 429 28 158 304 
1913 430 35 159 297 
1914 423 41 168 291 
1915 423 41 168 291 
1916 425 38 170 300 
1917 425 38 170 300 
1918 421 39 170 301 
1919 421 39 170 301 
1920 418 44 174 297 
1921 418 44 174 297 
1922 415 48 180 300 
1923 407 45 187 307 
1924 407 45 187 307 
1925 383 46 199 303 
1926 378 51 198 296 
1927 378 51 198 296 
1928 378 51 198 296 
1929 378 51 198 296 
1930 359 56 215 288 
1931 343 48 227 307 
1932 355 51 205 301 
1933 355 51 205 301 
1934 330 48 191 305 
1935 330 48 191 305 
1936 330 48 191 305 
1937 333 48 180 302 
1938 340 50 173 304 
1939 340 50 173 304 
1940 323 51 191 304 
1941 316 62 197 311 
1942 325 62 187 320 
1943 325 62 187 320 
1944 325 62 187 320 
1945 321 64 188 328 
1946 326 68 183 328 
1947 326 68 183 328 
1948 326 68 184 334 
1949 330 72 175 330 
1950 329 75 171 332 
1951 329 75 171 332 
1952 329 75 171 332 
1953 329 75 171 332 
1954 332 75 164 338 
1955 327 72 171 345 
1956 323 69 171 352 
1957 323 69 171 352 
1958 324 74 162 349 
1959 326 73 160 346 
1960 326 73 160 346 
1961 326 73 160 346 
1962 325 75 160 343 
1963 322 74 163 341 
1964 321 75 166 340 
1965 321 75 166 340 
1966 325 78 161 334 
1967 325 78 161 334 
1968 325 78 161 334 
1969 326 81 158 332 
1970 326 81 158 332 
1971 326 82 162 329 
1972 322 81 166 334 
1973 322 81 166 334 
1974 317 81 172 338 
1975 315 80 177 343 
1976 315 80 177 343 
1977 315 80 177 343 
1978 317 82 172 339 
1979 311 87 180 331 
1980 311 87 180 331 
1981 316 102 171 336 
1982 314 103 175 334 
1983 318 106 169 331 
1984 318 106 169 331 
1985 318 106 169 331 
1986 315 110 177 330 
1987 315 111 176 339 
1988 315 111 176 339 
1989 315 116 176 343 
1990 314 119 177 346 
1991 314 122 177 335 
1992 314 122 177 335 
1993 312 119 180 341 
1994 312 119 180 341 
1995 312 123 178 337 
1996 312 121 179 345 
1997 310 125 183 340 
1998 310 122 185 344 
1999 310 122 185 344 
2000 310 122 185 344 
2001 307 126 193 338 
2002 304 126 208 340 
2003 306 126 209 344 
2004 306 126 209 344 
2005 307 131 210 338 
2006 307 131 210 338 
2007 307 131 210 338 
2008 310 134 218 335 
2009 311 135 219 332 
2010 311 130 224 341 
2011 311 130 224 341 
2012 308 145 239 343 
2013 311 145 239 346 
2014 311 145 239 346 
2015 311 145 239 346 
2016 313 149 240 339 
2017 317 149 234 343 
2018 325 147 247 350 
2019 325 147 247 350 
2020 327 141 247 360 
2021 331 141 240 364 
2022 331 141 240 364 
2023 331 141 240 364 
2024 330 131 243 377 
2025 334 128 240 383 
2026 340 125 231 390 
2027 340 125 231 390 
2028 343 122 226 399 
2029 351 125 220 389 
2030 351 125 220 389 
2031 356 122 217 402 
2032 356 122 217 402 
2033 356 122 217 402 
2034 361 125 209 408 
2035 362 124 214 411 
2036 362 122 226 417 
2037 362 122 226 417 
2038 362 122 226 417 
2039 362 122 226 417 
2040 362 122 226 417 
2041 384 120 226 440 
2042 386 122 232 438 
2043 392 135 227 411 
2044 392 135 227 411 
2045 400 145 222 393 
2046 400 145 222 393 
2047 410 151 215 384 
2048 416 145 209 394 
2049 424 144 203 401 
2050 431 145 193 397 
2051 431 145 193 397 
2052 431 145 193 397 
2053 431 145 193 397 
2054 434 117 227 457 
2055 438 111 224 474 
2056 446 103 212 485 
2057 447 94 220 500 
2058 447 94 220 500 
2059 451 92 217 506 
2060 451 92 217 506 
2061 451 92 217 506 
2062 459 108 211 474 
2063 468 113 222 466 
2064 464 120 277 442 
2065 478 122 280 435 
2066 490 125 294 444 
2067 490 125 294 444 
2068 490 125 294 444 
2069 491 123 309 452 
2070 500 124 302 450 
2071 502 129 301 441 
2072 502 129 301 441 
2073 509 119 297 454 
2074 537 125 257 442 
2075 537 125 257 442 
2076 537 125 257 442 
2077 544 113 253 468 
2078 548 110 252 471 
2079 556 116 246 460 
2080 556 116 246 460 
2081 564 112 235 467 
2082 564 112 235 467 
2083 573 109 245 470 
2084 576 115 244 466 
2085 575 110 248 475 
2086 576 114 245 470 
2087 585 112 238 478 
2088 585 112 238 478 
2089 602 107 220 486 
2090 602 107 220 486 
2091 608 97 218 504 
2092 612 92 219 520 
2093 612 92 219 520 
2094 636 132 226 477 
2095 636 132 226 477 
2096 636 132 226 477 
2097 641 142 224 457 
2098 658 125 214 454 
2099 658 125 214 454 
2100 668 127 221 484 
2101 668 127 221 484 
2102 668 127 221 484 
2103 679 126 235 491 
2104 688 125 226 489 
2105 697 128 219 490 
2106 707 121 212 502 
2107 716 122 205 503 
2108 716 122 205 503 
2109 723 113 196 526 
2110 723 104 205 547 
2111 727 106 204 543 
2112 727 106 204 543 
2113 740 94 210 565 
2114 740 94 210 565 
2115 740 74 223 552 
2116 755 112 219 531 
2117 755 112 219 531 
2118 771 96 275 546 
2119 771 96 275 546 
2120 776 96 276 542 
2121 776 96 276 542 
2122 776 96 276 542 
2123 779 103 276 535 
2124 783 104 272 534 
2125 792 108 266 536 
2126 792 108 266 536 
2127 799 106 262 545 
2128 810 111 232 537 
2129 810 111 232 537 
2130 810 111 232 537 
2131 822 111 240 530 
2132 825 93 237 565 
2133 825 93 237 565 
2134 829 102 232 553 
2135 835 86 228 576 
2136 846 89 224 565 
2137 846 89 224 565 
2138 846 89 224 565 
2139 860 92 215 555 
2140 837 77 265 574 
2141 837 77 265 574 
2142 842 76 264 570 
2143 841 78 267 565 
2144 864 100 255 536 
2145 864 100 255 536 
2146 864 100 255 536 
2147 864 102 252 531 
2148 864 103 252 530 
2149 866 107 226 520 
2150 866 107 226 520 
2151 866 102 216 500 
2152 866 102 216 500 
2153 864 88 214 530 
2154 864 88 214 530 
2155 853 88 213 526 
2156 845 80 213 533 
2157 845 81 208 522 
2158 850 84 196 510 
2159 850 84 196 510 
2160 850 84 196 510 
2161 852 86 190 514 
2162 856 95 187 499 
2163 860 90 181 505 
2164 860 90 181 505 
2165 851 87 191 512 
2166 850 88 194 513 
2167 850 88 194 513 
2168 850 88 194 513 
2169 825 90 196 504 
2170 825 90 196 504 
2171 823 87 194 506 
2172 831 86 181 518 
2173 831 86 181 518 
2174 823 82 189 533 
2175 823 82 189 533 
2176 820 80 185 531 
2177 820 80 185 531 
2178 816 77 171 504 
2179 816 77 171 504 
2180 817 82 169 492 
2181 809 74 178 504 
2182 809 74 178 504 
2183 781 67 193 514 
2184 779 64 189 518 
2185 779 64 189 518 
2186 779 64 189 518 
2187 773 78 204 496 
2188 758 82 221 486 
2189 758 82 221 486 
2190 758 87 224 476 
2191 736 94 244 459 
2192 736 94 244 459 
2193 736 94 244 459 
2194 725 98 255 447 
2195 720 101 261 443 
2196 717 97 260 450 
2197 717 97 260 450 
2198 717 97 260 450 
2199 718 104 256 438 
2200 718 104 256 438 
2201 682 108 287 431 
2202 682 108 287 431 
2203 661 99 294 440 
2204 651 95 296 447 
2205 654 105 288 435 
2206 654 105 288 435 
2207 673 123 267 401 
2208 673 123 267 401 
2209 677 130 250 394 
2210 677 130 250 394 
2211 638 126 273 407 
2212 627 126 268 408 
2213 637 124 228 415 
2214 637 124 228 415 
2215 624 115 213 429 
2216 624 115 213 429 
2217 630 109 185 432 
2218 630 109 185 432 
2219 611 127 210 396 
2220 605 130 219 391 
2221 605 130 219 391 
2222 585 125 240 401 
2223 585 125 240 401 
2224 585 125 240 401 
2225 574 128 252 395 
2226 574 128 252 395 
2227 571 128 252 396 
2228 541 114 281 424 
2229 541 114 281 424 
2230 538 118 280 418 
2231 538 118 280 418 
2232 536 115 277 421 
2233 536 115 277 421 
2234 535 113 271 423 
2235 533 121 259 412 
2236 533 121 259 412 
2237 495 114 262 418 
2238 477 116 282 411 
2239 477 116 282 411 
2240 477 116 282 411 
2241 481 109 248 420 
2242 480 96 191 452 
2243 492 102 164 436 
2244 492 102 164 436 
2245 479 114 174 410 
2246 476 112 177 421 
2247 476 112 177 421 
2248 475 119 175 421 
2249 475 119 175 421 
2250 469 121 183 422 
2251 460 124 188 418 
2252 460 124 188 418 
2253 452 120 203 420 
2254 449 123 209 418 
2255 449 123 209 418 
2256 449 123 209 418 
2257 439 120 220 424 
2258 432 130 231 404 
2259 421 129 222 414 
2260 421 129 222 414 
2261 416 141 228 397 
2262 416 141 228 397 
2263 415 141 223 393 
2264 415 141 223 393 
2265 407 150 225 379 
2266 404 140 211 400 
2267 394 138 176 419 
2268 394 138 176 419 
2269 388 138 180 409 
2270 388 138 180 409 
2271 388 138 180 409 
2272 375 140 176 413 
2273 374 142 164 401 
2274 370 149 170 389 
2275 370 149 170 389 
2276 365 154 178 383 
2277 359 153 185 386 
2278 359 153 185 386 
2279 359 153 185 386 
2280 352 153 198 389 
2281 354 151 193 396 
2282 358 153 182 392 
2283 353 150 192 396 
2284 350 153 197 392 
2285 350 153 197 392 
2286 350 153 197 392 
2287 335 155 199 385 
2288 335 155 200 385 
2289 344 152 208 398 
2290 345 150 206 398 
2291 345 150 206 398 
2292 344 151 207 396 
2293 344 151 207 396 
2294 326 151 213 388 
2295 326 151 213 388 
2296 327 154 211 385 
2297 322 155 218 374 
2298 323 156 215 371 
2299 323 156 215 371 
2300 323 156 215 371 
2301 324 154 212 373 
2302 322 160 207 363 
2303 322 160 207 363 
2304 320 161 208 361 
2305 316 164 213 357 
2306 313 157 220 371 
2307 313 157 220 371 
2308 310 158 222 370 
2309 310 158 222 370 
2310 308 148 223 384 
2311 305 147 219 386 
2312 305 147 219 386 
2313 301 139 217 395 
2314 300 128 168 400 
2315 300 128 168 400 
2316 300 128 168 400 
2317 300 128 168 400 
2318 301 126 161 395 
2319 302 132 153 379 
2320 300 117 157 365 
2321 300 117 157 365 
2322 301 116 156 370 
2323 302 115 154 372 
2324 302 115 154 372 
2325 302 110 156 378 
2326 302 110 156 378 
2327 299 110 160 379 
2328 301 112 159 374 
2329 301 112 159 374 
2330 301 112 158 373 
2331 301 112 158 373 
2332 302 113 155 368 
2333 302 113 155 368 
2334 302 113 155 368 
2335 302 111 154 373 
2336 302 110 153 373 
2337 302 109 154 373 
2338 302 109 154 373 
2339 301 109 158 372 
2340 301 109 158 372 
2341 301 109 158 372 
2342 302 109 156 374 
2343 303 109 154 372 
2344 303 109 154 372 
2345 305 101 149 382 
2346 307 100 150 377 
2347 308 101 150 373 
2348 308 101 150 373 
2349 308 101 150 373 
2350 308 101 150 373 
2351 312 95 139 371 
2352 313 96 140 357 
2353 313 96 140 357 
2354 314 102 142 337 
2355 314 104 145 331 
2356 314 104 145 331 
2357 314 107 147 322 
2358 314 107 147 322 
2359 314 107 147 322 
2360 319 109 163 322 
2361 318 85 168 333 
2362 318 85 168 333 
2363 321 79 178 339 
2364 322 80 192 329 
2365 328 87 201 316 
2366 328 87 201 316 
2367 328 87 201 316 
2368 328 87 206 313 
2369 336 86 223 327 
2370 336 86 223 327 
2371 321 83 218 320 
2372 346 84 211 329 
2373 346 84 212 326 
2374 346 84 212 326 
2375 346 84 212 326 
2376 357 80 196 325 
2377 353 78 203 324 
2378 353 78 203 324 
2379 364 73 190 328 
2380 372 67 176 326 
2381 372 67 176 326 
2382 372 67 176 326 
2383 378 68 170 317 
2384 379 70 170 314 
2385 379 70 170 314 
2386 386 68 162 314 
2387 389 69 161 316 
2388 389 69 161 316 
2389 401 65 144 317 
2390 401 65 144 317 
2391 404 67 152 314 
2392 404 67 152 314 
2393 422 71 162 306 
2394 426 69 163 315 
2395 426 69 163 315 
2396 427 67 171 321 
2397 429 62 190 323 
2398 429 62 190 323 
2399 429 62 190 323 
2400 435 65 184 320 
2401 440 59 168 326 
2402 439 55 185 332 
2403 439 25 227 351 
2404 439 25 227 351 
2405 438 21 225 358 
2406 438 21 225 358 
2407 438 21 225 358 
2408 451 26 206 350 
2409 451 26 206 350 
2410 458 29 196 348 
2411 463 27 198 352 
2412 463 27 198 352 
2413 465 29 195 349 
2414 465 29 195 349 
2415 465 29 195 349 
2416 466 43 191 351 
2417 470 43 180 353 
2418 470 43 180 353 
2419 468 39 185 363 
2420 469 38 183 375 
2421 469 38 183 375 
2422 469 38 183 375 
2423 474 34 180 387 
2424 481 37 172 386 
2425 478 36 176 394 
2426 478 36 176 394 
2427 481 43 171 386 
2428 482 41 171 394 
2429 482 41 171 394 
2430 482 41 171 394 
2431 482 47 174 388 
2432 481 50 171 391 
2433 482 48 169 393 
2434 481 48 171 395 
2435 481 48 171 395 
2436 480 50 174 391 
2437 480 50 174 391 
2438 480 50 174 391 
2439 480 55 172 385 
2440 480 47 174 393 
2441 479 51 181 386 
2442 481 53 188 380 
2443 480 51 195 387 
2444 480 51 195 387 
2445 480 53 203 384 
2446 480 53 203 384 
2447 471 50 253 388 
2448 474 56 252 385 
2449 477 54 247 389 
2450 474 59 255 386 
2451 474 59 255 386 
2452 474 59 255 386 
2453 477 68 250 392 
2454 486 73 241 386 
2455 486 73 241 386 
2456 493 79 229 382 
2457 503 81 221 386 
2458 503 81 221 386 
2459 503 81 221 386 
2460 507 81 217 389 
2461 507 81 217 389 
2462 513 80 212 398 
2463 518 78 203 409 
2464 525 78 193 413 
2465 524 75 196 423 
2466 524 75 196 423 
2467 532 66 194 440 
2468 532 66 194 440 
2469 535 65 190 438 
2470 536 71 191 442 
2471 539 71 192 450 
2472 542 76 206 453 
2473 542 76 206 453 
2474 542 76 206 453 
2475 541 71 207 469 
2476 541 71 207 469 
2477 544 80 204 472 
2478 546 80 202 483 
2479 543 89 209 472 
2480 543 89 209 472 
2481 545 93 206 469 
2482 545 93 206 469 
2483 545 93 206 469 
2484 539 97 215 468 
2485 537 98 216 476 
2486 536 100 216 478 
2487 536 100 216 478 
2488 528 103 215 486 
2489 530 107 209 482 
2490 530 107 209 482 
2491 529 108 209 478 
2492 529 108 209 478 
2493 527 102 214 496 
2494 535 106 223 484 
2495 534 109 231 479 
2496 534 109 231 479 
2497 534 109 231 479 
2498 535 105 240 492 
2499 546 113 245 475 
2500 546 113 245 475 
2501 552 107 249 489 
2502 553 117 252 491 
2503 553 122 248 485 
2504 553 122 248 485 
2505 553 122 248 485 
2506 557 129 243 477 
2507 556 110 290 532 
2508 556 110 290 532 
2509 573 138 256 486 
2510 579 140 243 492 
2511 583 139 231 507 
2512 583 139 231 507 
2513 583 139 231 507 
2514 579 130 237 532 
2515 579 130 237 532 
2516 589 136 229 527 
2517 589 136 229 527 
2518 592 133 230 536 
2519 603 138 223 529 
2520 603 138 223 529 
2521 603 138 223 529 
2522 612 148 221 510 
2523 609 151 231 525 
2524 611 146 235 537 
2525 611 152 240 533 
2526 611 152 240 533 
2527 611 152 240 533 
2528 611 160 243 528 
2529 625 150 233 556 
2530 625 150 233 556 
2531 627 167 233 531 
2532 628 179 232 508 
2533 628 179 232 508 
2534 629 192 237 489 
2535 629 192 237 489 
2536 629 192 237 489 
2537 630 194 243 487 
2538 625 194 251 498 
2539 642 197 232 504 
2540 642 197 232 504 
2541 649 206 222 483 
2542 655 223 220 448 
2543 655 223 220 448 
2544 655 223 220 448 
2545 660 229 215 439 
2546 664 233 215 463 
2547 668 239 215 455 
2548 668 239 215 455 
2549 671 247 218 443 
2550 679 242 243 449 
2551 679 242 243 449 
2552 679 242 243 449 
2553 684 246 240 443 
2554 688 249 240 439 
2555 688 249 240 439 
2556 698 243 233 460 
2557 710 254 226 448 
2558 710 254 226 448 
2559 715 265 222 434 
2560 715 265 222 434 
2561 717 269 255 438 
2562 717 269 255 438 
2563 730 278 252 431 
2564 752 282 237 429 
2565 762 286 260 417 
2566 762 286 260 417 
2567 762 286 260 417 
2568 762 286 260 417 
2569 768 281 253 412 
2570 784 281 239 416 
2571 801 279 230 423 
2572 807 282 235 411 
2573 808 278 266 424 
2574 808 278 266 424 
2575 808 278 266 424 
2576 822 284 254 412 
2577 838 285 251 421 
2578 838 285 251 421 
2579 849 287 251 418 
2580 859 292 269 419 
2581 870 302 294 426 
2582 870 302 294 426 
2583 870 302 294 426 
2584 882 306 302 419 
2585 891 316 305 408 
2586 891 316 305 408 
2587 907 337 306 380 
2588 907 337 306 380 
2589 910 352 306 359 
2590 910 352 306 359 
2591 910 352 306 359 
2592 929 356 270 371 
2593 941 375 305 346 
2594 955 374 293 347 
2595 955 374 293 347 
2596 969 374 249 352 
2597 972 377 249 346 
2598 972 377 249 346 
2599 972 377 249 346 
2600 972 377 249 346 
2601 980 399 275 312 
2602 1000 392 242 316 
2603 999 403 274 307 
2604 999 403 274 307 
2605 1014 415 267 292 
2606 1014 415 267 292 
2607 1014 415 267 292 
2608 1014 415 267 292 
2609 1048 422 235 296 
2610 1048 422 235 296 
2611 1062 433 223 280 
2612 1087 441 199 276 
2613 1087 441 199 276 
2614 1098 448 186 269 
2615 1098 448 186 269 
2616 1114 450 169 267 
2617 1114 450 169 267 
2618 
2619 
2620 
2621 
2622 
2623 
2624 
2625 
2626 
2627 
2628 
2629 
2630 
2631 
2632 
2633 
2634 
2635 
2636 
2637 
2638 
2639 
2640 
2641 
2642 
2643 
2644 
2645 
2646 
2647 
2648 
2649 
2650 
2651 
2652 
2653 
2654 
2655 
2656 
2657 
2658 
2659 
2660 
2661 
2662 
2663 
2664 
2665 
2666 
2667 
2668 
2669 
2670 
2671 
2672 
2673 
2674 
2675 
2676 
2677 
2678 
2679 
2680 
2681 
2682 
2683 
2684 
2685 
2686 
2687 
2688 
2689 
2690 
2691 
2692 
2693 
2694 
2695 
2696 
2697 
2698 
2699 
2700 
2701 
2702 
2703 
2704 
2705 
2706 
2707 
2708 
2709 
2710 
2711 
2712 
2713 
2714 
2715 
2716 
2717 
2718 
2719 
2720 
2721 
2722 
2723 
2724 
2725 
2726 
2727 
2728 
2729 
2730 
2731 
2732 
2733 
2734 
2735 
2736 
2737 
2738 
2739 
2740 
2741 
2742 
2743 
2744 
2745 
2746 
2747 1170 365 108 345 
2748 1169 348 109 377 
2749 1154 335 123 392 
2750 1142 333 134 387 
2751 1142 333 134 387 
2752 1142 333 134 387 
2753 1131 329 145 381 
2754 1131 329 145 381 
2755 1110 327 168 381 
2756 1100 300 178 391 
2757 1092 291 191 411 
2758 1092 291 191 411 
2759 1062 309 220 407 
2760 1062 309 220 407 
2761 1062 309 220 407 
2762 1059 303 222 421 
2763 1049 300 231 426 
2764 1049 300 231 426 
2765 1034 304 245 420 
2766 1027 273 246 442 
2767 1019 276 255 429 
2768 1019 276 255 429 
2769 1019 276 255 429 
2770 1021 267 245 435 
2771 1026 251 233 449 
2772 1026 251 233 449 
2773 1010 225 226 489 
2774 1007 220 226 496 
2775 1007 220 226 496 
2776 1007 220 226 496 
2777 999 224 224 490 
2778 1001 221 215 495 
2779 981 225 232 487 
2780 976 218 230 461 
2781 956 221 237 495 
2782 956 221 237 495 
2783 956 221 237 495 
2784 944 222 240 491 
2785 929 205 242 484 
2786 921 199 243 492 
2787 924 188 235 518 
2788 924 188 235 518 
2789 908 183 237 521 
2790 908 183 237 521 
2791 908 183 237 521 
2792 909 205 228 484 
2793 903 199 219 495 
2794 901 177 220 531 
2795 901 177 220 531 
2796 895 191 227 507 
2797 884 180 243 522 
2798 884 180 243 522 
2799 884 180 243 522 
2800 878 172 240 522 
2801 875 170 235 522 
2802 875 170 235 522 
2803 856 172 229 517 
2804 840 163 233 529 
2805 840 163 233 529 
2806 840 163 233 529 
2807 830 153 226 546 
2808 819 149 210 559 
2809 817 146 207 555 
2810 817 146 207 555 
2811 806 142 209 564 
2812 803 133 209 581 
2813 803 133 209 581 
2814 803 133 209 581 
2815 795 118 216 613 
2816 795 123 213 597 
2817 795 123 213 597 
2818 796 128 207 581 
2819 789 103 210 594 
2820 783 124 195 554 
2821 783 124 195 554 
2822 783 124 195 554 
2823 780 110 188 576 
2824 777 114 185 521 
2825 770 125 181 487 
2826 756 97 198 511 
2827 756 97 198 511 
2828 743 106 211 490 
2829 743 106 211 490 
2830 737 110 216 479 
2831 737 110 216 479 
2832 733 108 224 477 
2833 726 101 234 482 
2834 703 112 247 475 
2835 703 112 247 475 
2836 693 122 257 454 
2837 693 122 257 454 
2838 685 125 266 448 
2839 685 125 266 448 
2840 679 135 270 430 
2841 679 135 270 430 
2842 678 130 261 434 
2843 678 130 261 434 
2844 678 130 261 434 
2845 625 131 298 429 
2846 625 131 298 429 
2847 618 129 303 431 
2848 638 133 265 427 
2849 633 140 250 415 
2850 633 140 250 415 
2851 636 125 229 439 
2852 636 125 229 439 
2853 615 121 215 448 
2854 615 121 215 448 
2855 610 126 211 438 
2856 601 127 211 435 
2857 593 131 217 413 
2858 595 133 218 406 
2859 595 133 218 406 
2860 595 133 218 406 
2861 595 133 218 406 
2862 594 126 222 419 
2863 589 120 226 426 
2864 583 127 237 420 
2865 583 127 237 420 
2866 573 128 248 422 
2867 573 128 248 422 
2868 550 127 254 422 
2869 550 127 254 422 
2870 550 127 254 422 
2871 539 127 268 417 
2872 524 126 282 414 
2873 512 122 289 413 
2874 511 119 280 408 
2875 511 119 280 408 
2876 509 113 281 413 
2877 509 113 281 413 
2878 511 109 275 417 
2879 511 109 275 417 
2880 506 92 254 450 
2881 506 92 248 450 
2882 506 92 248 450 
2883 507 100 241 435 
2884 507 100 241 435 
2885 506 94 228 443 
2886 506 94 228 443 
2887 507 74 215 463 
2888 504 72 210 465 
2889 504 72 210 465 
2890 499 70 212 467 
2891 495 68 214 470 
2892 495 68 214 470 
2893 495 68 214 470 
2894 494 71 213 463 
2895 497 67 204 470 
2896 498 65 202 472 
2897 499 66 201 466 
2898 499 66 201 466 
2899 497 69 204 463 
2900 497 69 204 463 
2901 496 72 206 460 
2902 493 71 209 459 
2903 493 71 209 459 
2904 490 74 209 448 
2905 479 81 210 427 
2906 479 75 210 431 
2907 479 75 210 431 
2908 479 75 210 431 
2909 479 70 206 428 
2910 480 73 202 427 
2911 480 73 202 427 
2912 479 70 204 428 
2913 479 71 198 421 
2914 478 72 200 419 
2915 478 72 200 419 
2916 478 72 200 419 
2917 478 71 197 419 
2918 478 71 197 419 
2919 475 65 201 423 
2920 473 69 196 421 
2921 469 70 203 421 
2922 469 70 203 421 
2923 469 70 203 421 
2924 469 73 202 418 
2925 466 75 206 415 
2926 471 83 196 404 
2927 467 85 202 405 
2928 463 83 208 409 
2929 463 83 208 409 
2930 463 83 208 409 
2931 463 91 209 399 
2932 462 87 210 407 
2933 459 85 213 408 
2934 459 85 213 408 
2935 457 86 212 413 
2936 459 88 209 411 
2937 459 88 209 411 
2938 459 88 209 411 
2939 457 89 211 413 
2940 458 81 206 431 
2941 454 79 210 437 
2942 453 81 214 434 
2943 459 83 216 430 
2944 459 83 216 430 
2945 459 83 216 430 
2946 459 92 231 418 
2947 459 92 231 418 
2948 462 94 239 415 
2949 465 96 233 410 
2950 468 98 230 403 
2951 469 108 263 413 
2952 469 108 263 413 
2953 469 108 263 413 
2954 468 110 268 409 
2955 477 103 259 421 
2956 481 100 261 429 
2957 481 100 261 429 
2958 486 98 257 434 
2959 486 98 257 434 
2960 493 99 252 432 
2961 493 99 252 432 
2962 495 103 252 429 
2963 504 97 244 438 
2964 507 103 239 432 
2965 507 103 239 432 
2966 515 104 226 433 
2967 515 104 226 433 
2968 515 104 226 433 
2969 517 98 228 447 
2970 510 99 245 452 
2971 511 98 248 464 
2972 511 98 248 464 
2973 527 105 237 454 
2974 530 111 232 459 
2975 530 111 232 459 
2976 534 110 227 475 
2977 534 110 227 475 
2978 534 115 230 470 
2979 534 109 231 484 
2980 535 107 233 493 
2981 539 102 231 504 
2982 539 102 231 504 
2983 539 102 231 504 
2984 544 113 228 510 
2985 546 120 227 507 
2986 546 120 227 507 
2987 552 119 215 515 
2988 553 124 212 503 
2989 557 120 208 522 
2990 557 120 208 522 
2991 557 120 208 522 
2992 557 129 211 509 
2993 563 127 207 511 
2994 563 127 207 511 
2995 562 130 222 500 
2996 563 125 233 505 
2997 563 125 233 505 
2998 572 118 251 506 
2999 572 118 251 506 
